16945
-0.195895869312737	0.908158659763531	-0.369963048266599	-0.979610761741932	-0.164080065688605	0.115933116593214	0.044582102525562	0.385130602185973	0.921784603578445
0.595445807835590	0.802481306813641	-0.038315038114213	-0.801835993205442	0.596583837792777	0.033863911243149	0.050033288231577	0.010558252654365	0.998691740913893
0.539816214560253	0.841506819342873	-0.021557539221349	-0.841170315158127	0.540223289424700	0.024316629288088	0.032108494119417	0.005007051287695	0.999471847548887
-0.153067385208465	0.910090887208347	-0.385103820554623	-0.988151577855486	-0.145398390411957	0.049150455209751	-0.011262094261601	0.388064279579989	0.921563497620705
0.711106517100993	0.700909642360062	-0.055255719913734	-0.700578220271723	0.713009877622018	0.028409007274801	0.059310021222393	0.018509123699516	0.998068000550301
0.545569215658061	0.838024962002730	0.008270065693281	-0.837831769045619	0.545157153679801	0.029010421741608	0.019802972103600	-0.022756116805404	0.999544897162605
-0.189001872561154	0.904882866071302	-0.381399122782111	-0.980643427367944	-0.153694125398390	0.121311929248839	0.051154281623619	0.396944724752214	0.916415912652634
0.063358802545250	0.964847527375820	0.255058642387979	-0.993888658302944	0.084151460965925	-0.071441350169732	-0.090393567452590	-0.248973453472589	0.964282750249701
-0.178974071091960	0.904232126320713	-0.387727408892241	-0.983672286176600	-0.156890107159106	0.088172148004373	0.018897494142632	0.397177235003626	0.917547344124544
0.072033653641734	0.964076059955033	0.255672648839493	-0.993297616883388	0.092571972472840	-0.069211806841541	-0.090393567452590	-0.248973453472589	0.964282750249701
0.072033653641734	0.964076059955033	0.255672648839493	-0.993297616883388	0.092571972472840	-0.069211806841541	-0.090393567452590	-0.248973453472589	0.964282750249701
-0.176476462446577	0.903331340436046	-0.390958498549858	-0.983681856496824	-0.147726638932293	0.102697835170607	0.035015188151758	0.402702532318565	0.914660924639788
0.456582125742692	0.889488342125969	-0.018527052498428	-0.889646708758910	0.456648935420934	-0.000695250579022	0.007841941514999	0.016799970265524	0.999828117704415
0.006787024091443	0.981520883527329	0.191234650374125	-0.989918613726196	0.033650851560086	-0.137581824336239	-0.141474642612692	-0.188372968838453	0.971854181504920
-0.032243462637675	0.976597015047661	0.212646724209737	-0.991184843917998	-0.003889638812273	-0.132429135378756	-0.128502779364447	-0.215042184024226	0.968113575354516
-0.118441891919273	0.883832216133288	-0.452561743813486	-0.992812396881017	-0.113293508638039	0.038576229725721	-0.017177393223428	0.453877951243947	0.890898278445213
-0.106362529514210	0.889221286610084	-0.444941025030111	-0.994108338036649	-0.085705538258672	0.066356408566194	0.020871620956485	0.449377418381585	0.893098153221330
-0.058610321246356	0.976147604274938	0.209047087785737	-0.989975689569704	-0.029878315855976	-0.138041371706454	-0.128502779364447	-0.215042184024226	0.968113575354516
0.000273292369771	0.972432493383337	0.233184414409596	-0.992945458018191	0.027912952852133	-0.115239682679708	-0.118571677530200	-0.231507911042669	0.965580055931322
0.910605812503315	-0.408128753031343	0.065022882005172	0.409587397102619	0.912212232571427	-0.010344413069558	-0.055092815955247	0.036052235660684	0.997830154853013
0.072033653641734	0.964076059955033	0.255672648839493	-0.993297616883388	0.092571972472840	-0.069211806841541	-0.090393567452590	-0.248973453472589	0.964282750249701
-0.032241662433685	0.976542490077356	0.212897252863978	-0.991370393170037	-0.004166436311529	-0.131024365498747	-0.127063837299995	-0.215284476639581	0.968249645168343
0.000037693224217	0.978330791652204	0.207047967110022	-0.984171463285165	0.036729100466603	-0.173371001133553	-0.177218874373914	-0.203764165848871	0.962846631235503
-0.101785993643051	0.886415791079038	-0.451560247169544	-0.994797358361321	-0.088768385263904	0.049983893155464	0.004222238202001	0.454298601256225	0.890839465673363
0.685402361903666	0.726933594785070	-0.042321992742917	-0.726184746018127	0.686666356994453	0.033838274520952	0.053659267116364	0.007540752271591	0.998530830824824
-0.201792923008029	0.908505196521879	-0.365920652760427	-0.977313673969978	-0.162239759722312	0.136147871950135	0.064324170380810	0.385092934572926	0.920633386776100
0.054245010634100	0.965578414560848	0.254393011215848	-0.994427715716181	0.075303019860381	-0.073776509916141	-0.090393567452590	-0.248973453472589	0.964282750249701
-0.191667560133229	0.905175115393430	-0.379369947234971	-0.980159575290006	-0.156645047480681	0.121447668018328	0.050504983515387	0.395120664572565	0.917239830724683
0.933078818137620	-0.352226908136615	0.072801952772040	0.354523049506535	0.934810261246560	-0.021051908149282	-0.060640963972293	0.045453059882248	0.997124211337711
-0.054817204602888	0.898890334855153	-0.434731227292814	-0.991153730348158	-0.101689932994991	-0.085284467193064	-0.120869172647353	0.426210421542535	0.896512866428630
0.073484303350987	0.965835996334185	0.248517374334616	-0.995001420221033	0.087897977067512	-0.047393241982012	-0.067618273559346	-0.243792481041953	0.967467309663878
-0.032243462637675	0.976597015047661	0.212646724209737	-0.991184843917998	-0.003889638812273	-0.132429135378756	-0.128502779364447	-0.215042184024226	0.968113575354516
-0.058610321246356	0.976147604274938	0.209047087785737	-0.989975689569704	-0.029878315855976	-0.138041371706454	-0.128502779364447	-0.215042184024226	0.968113575354516
-0.032243462637675	0.976597015047661	0.212646724209737	-0.991184843917998	-0.003889638812273	-0.132429135378756	-0.128502779364447	-0.215042184024226	0.968113575354516
0.002355525756728	0.972855562439450	0.231401180051076	-0.993308692947451	0.028995276806828	-0.111790493504244	-0.115465544702463	-0.229589478316225	0.966414186274729
0.128667998032612	0.947299034172888	0.293375333212241	-0.986536622239377	0.152383827512849	-0.059368864677156	-0.100945724341349	-0.281786637312077	0.954152111442171
-0.032115445838443	0.972719614366132	0.229750190350305	-0.992675406798272	-0.004257005390626	-0.120736964691802	-0.116465165935929	-0.231944885118227	0.965731554517615
0.609579196337795	0.788493576034943	-0.081799046105658	-0.792586649651313	0.608148253828852	-0.044295644926162	0.014819115583419	0.091834535532911	0.995664005524343
-0.034401410316470	0.974235291808046	0.222894906096862	-0.992960474920694	-0.008025645972668	-0.118173957587919	-0.113340364449334	-0.225391182619047	0.967653231578379
0.052557450096665	0.962056946152914	0.267738952710035	-0.988212452490216	0.088708882786688	-0.124767314862545	-0.143784085289745	-0.258025515160163	0.955378966873211
-0.020806405963308	0.975926499158363	0.217104955520117	-0.991939870022316	0.006997022077809	-0.126516148938206	-0.124989550487238	-0.217987407715548	0.967914821844595
0.008126395704688	0.971823606493591	0.235569182098680	-0.992563380333796	0.036452718470669	-0.116142736907854	-0.121457390525236	-0.232873521847994	0.964892753164263
-0.019871900980837	0.976412619091170	0.214996522834508	-0.991535932079853	0.008349003091997	-0.129563843497744	-0.128302778403064	-0.215751457531325	0.967982285802361
-0.187610192274555	0.904521271609363	-0.382940837416024	-0.979495345052535	-0.143138375695071	0.141775436602368	0.073425368743506	0.401687284600295	0.912828593228390
0.244528538355239	0.965453876917550	0.090025582334820	-0.963018990331533	0.252642379990408	-0.093628265463034	-0.113138049261443	-0.063801562501675	0.991528689666446
0.284090093864615	0.956788054149574	0.062043839377221	-0.951862304467439	0.289213128767721	-0.101557468865276	-0.115112865927011	-0.030205721065020	0.992893067008231
0.070242943617657	0.966508926867260	0.246832783798717	-0.995969516746629	0.081786999545847	-0.036818587924777	-0.055773206680390	-0.243251682401552	0.968358388421044
-0.033652216908623	0.976679306800613	0.212049663910624	-0.991180241358553	-0.005403842111392	-0.132410451365577	-0.128176664949342	-0.214635342285255	0.968247082311409
-0.158066026250233	0.904844968591634	-0.395310908222713	-0.984784238619440	-0.115179014134336	0.130129927648382	0.072215889610191	0.409865072331673	0.909282952534777
0.929224039363213	-0.362093461417756	0.073695385663025	0.364379196120712	0.931037826501116	-0.019908969297814	-0.061404284084559	0.045352958256171	0.997082054333282
-0.178818370177285	0.904519458151793	-0.387128583692713	-0.983812262568255	-0.159694605198105	0.081308456454130	0.011722734641339	0.395401293492331	0.918433663688957
-0.146525912073234	0.919976654398696	-0.363556202604892	-0.987440252640117	-0.114073104345544	0.109311821551897	0.059092339242324	0.375007042902334	0.925136645699713
0.049442784478504	0.967578000052014	0.247685738140810	-0.994966878766265	0.069356029673284	-0.072323241811159	-0.087156877073062	-0.242863243335224	0.966137217902078
0.035155200203352	0.966845487928664	0.252930651307123	-0.995285443911372	0.056762857027425	-0.078643901227163	-0.090393567452590	-0.248973453472589	0.964282750249701
0.017041330468605	0.971282248714394	0.237319165657074	-0.992443001032710	0.045278420074366	-0.114047158565030	-0.121517417504849	-0.233582229649173	0.964713874283496
-0.067909021639824	0.882226482032748	-0.465902134766566	-0.997634501480588	-0.065038723110057	0.022256818096762	-0.010666125608718	0.466311482698352	0.884556292650821
0.937900277680172	-0.339097643591569	0.073183722494161	0.341427273403166	0.939657329715497	-0.021714504102579	-0.061404284084559	0.045352958256171	0.997082054333282
-0.153284941519749	0.889914507640167	-0.429599692498547	-0.987952980392505	-0.147369620761294	0.047234557373176	-0.021275225894329	0.431664642944301	0.901783233817814
0.060463636549918	0.963362600744757	0.261298006386304	-0.993621149502701	0.083053469335855	-0.076283238605933	-0.095190125097569	-0.255018863454403	0.962239169524050
0.046189248094788	0.962885819763295	0.265927530464986	-0.989592235544197	0.080425760139307	-0.119326880696069	-0.136285585118447	-0.257648200468745	0.956579136341652
0.072033653641734	0.964076059955033	0.255672648839493	-0.993297616883388	0.092571972472840	-0.069211806841541	-0.090393567452590	-0.248973453472589	0.964282750249701
-0.008545925994213	0.974912082720312	0.222426163287607	-0.992851019906146	0.018210056625740	-0.117962901409780	-0.119053850925653	-0.221844145299422	0.967786833851412
-0.073671516526666	0.982068457677852	0.173534008444761	-0.989001765328894	-0.049568070448892	-0.139350330348745	-0.128249818046622	-0.181891590861752	0.974919193238491
0.059437129462730	0.960395232687227	0.272228258402536	-0.987856177126295	0.095807518023217	-0.122315546042409	-0.143552781075995	-0.261652281705851	0.954426886944972
0.802822368607774	-0.590118137251452	0.085069551250026	0.592914880740012	0.805204676929497	-0.009867747864719	-0.062675263542020	0.058361051547593	0.996326150917559
-0.147534095401880	0.891467621882623	-0.428391374596745	-0.988110428334248	-0.151794569285260	0.024417005398103	-0.043260514456691	0.426900325451319	0.903263328170971
0.333216463189549	0.940481981457548	0.066786459803859	-0.938858553353559	0.337483470319694	-0.068187418603719	-0.086668364783874	-0.039981868573900	0.995434600931186
0.058241742166142	0.961574597117044	0.268294975071557	-0.992891993378057	0.083737410281047	-0.084578576514223	-0.103794937040307	-0.261461928965993	0.959616731172493
0.202641186516235	0.912242507332670	-0.356019883353019	-0.979252328033377	0.189217846338255	-0.072536092177092	0.001194808981911	0.363332099383632	0.931658927928552
-0.171523164930180	0.903490983528641	-0.392789824937946	-0.983783960657070	-0.135859618951940	0.117095186460085	0.052430169237024	0.406504866662973	0.912143010022604
0.802822368607774	-0.590118137251452	0.085069551250026	0.592914880740012	0.805204676929497	-0.009867747864719	-0.062675263542020	0.058361051547593	0.996326150917559
0.122698016638558	0.949989263078649	0.287168237707880	-0.987921839127776	0.144505390013704	-0.055934175880050	-0.094634224714726	-0.276836761092657	0.956245664680562
0.099905316054338	0.947832020136715	0.302710074869728	-0.988062489929760	0.130361971905063	-0.082086979934864	-0.117266550294131	-0.290895544628269	0.949541119856079
-0.184295557838174	0.904728447308958	-0.384059349568577	-0.982489522496201	-0.158693492360838	0.097625374096633	0.027376733667533	0.395326209746132	0.918132725885236
0.929224039363213	-0.362093461417756	0.073695385663025	0.364379196120712	0.931037826501116	-0.019908969297814	-0.061404284084559	0.045352958256171	0.997082054333282
-0.035713674021236	0.977537424210849	0.207714028787474	-0.993084577105407	-0.011454482759256	-0.116840992550103	-0.111837186138065	-0.210450419557521	0.971186421190486
0.411212482847874	0.911203507215993	-0.024747977439796	-0.911437262770260	0.410608136989278	-0.026135681970263	-0.013653204163978	0.033303547490742	0.999352021932506
0.111727813985032	0.944774518567628	0.308087657408459	-0.986710450982183	0.142279178552901	-0.078480069271437	-0.117980428481440	-0.295224904802453	0.948115432887641
0.158100463021242	0.906889599407006	-0.390583535341504	-0.974666447247349	0.206707334868857	0.085424787513022	0.158207332961212	0.367182968285313	0.916595389252252
-0.071636874026820	0.982534503439191	0.171738486749967	-0.988240026848074	-0.046596623310905	-0.145637920993605	-0.135091848810295	-0.180151892156382	0.974317960492103
0.072293338681872	0.967551603921894	0.242110650179621	-0.996081614853053	0.082437908233066	-0.032021989911470	-0.050942023261369	-0.238846990842103	0.969720075708300
0.849273891643994	0.410469849221656	-0.332036684497085	-0.421125974402005	0.905989094220719	0.042856444522197	0.318412893356767	0.103432412874655	0.942292399051961
0.011459432659669	0.972625271542989	0.232096450983305	-0.990129145441847	0.043462694664654	-0.133248900629927	-0.139688785339824	-0.228278503868442	0.963522686770722
-0.030342688428221	0.976548679221118	0.213147832197370	-0.991430331646933	-0.002295915832906	-0.130616332290185	-0.127063837299995	-0.215284476639581	0.968249645168343
-0.074067675860900	0.915825455240525	-0.394686856794155	-0.980382575140287	0.005621241254747	0.197023876746083	0.182658111656353	0.401537217677566	0.897442965912539
0.069457531038026	0.958504905060846	0.276485077999518	-0.991936161427278	0.095811179247003	-0.082963061564867	-0.106010862816123	-0.268493137539112	0.957430484191612
0.041412686871028	0.968582849259962	0.245218786975175	-0.994640619012870	0.063236296321879	-0.081799815630513	-0.094736626369195	-0.240517015919759	0.966010629691640
0.009680119461866	0.977995422268396	0.208401653806456	-0.984131198769909	0.046245423134129	-0.171310082735509	-0.177178099365880	-0.203436267320277	0.962923468528983
-0.068155778494960	0.886108126448216	-0.458439939468824	-0.997210673381209	-0.074518989171264	0.004218192443390	-0.030424706281942	0.457448694932367	0.888715381183611
-0.068288086743430	0.981793681521436	0.177250963702616	-0.988714021545455	-0.042852159935500	-0.143555828820274	-0.133346619036011	-0.185053666036225	0.973639471199796
0.162315688566031	0.932163264540070	0.323612832698790	-0.975984236311599	0.199955961523306	-0.086442951838507	-0.145287259305830	-0.301809976132814	0.942232641437406
0.072293338681872	0.967551603921894	0.242110650179621	-0.996081614853053	0.082437908233066	-0.032021989911470	-0.050942023261369	-0.238846990842103	0.969720075708300
0.650604626953357	0.669878694019441	-0.357737550007952	-0.744468762722264	0.655603749217474	-0.126293251374621	0.149932920726787	0.348491404931026	0.925242595199516
0.072033653641734	0.964076059955033	0.255672648839493	-0.993297616883388	0.092571972472840	-0.069211806841541	-0.090393567452590	-0.248973453472589	0.964282750249701
0.930752525903741	-0.358710797926383	0.070896396063720	0.361032250607303	0.932275244197977	-0.022772419217742	-0.057926242284751	0.046791372138684	0.997223705067297
0.067309177248785	0.961877824797567	0.265067019489020	-0.985872730060828	0.104959204928881	-0.130531702751121	-0.153376773927807	-0.252536364635666	0.955353834846598
-0.185187087207145	0.903951305109489	-0.385457884499183	-0.980673794870514	-0.144798996005103	0.131575677122252	0.063124090377591	0.402374562748152	0.913296261060580
-0.075595104060644	0.882034723935171	-0.465080773645469	-0.996836351685670	-0.055365547515424	0.057025819646205	0.024549301417039	0.467920294410196	0.883429640593415
0.113033278360032	0.944015199906586	0.309933509528272	-0.986238734552624	0.144476393764435	-0.080372446229182	-0.120650886657422	-0.296583671145517	0.947354996587143
0.071239926385204	0.955562207471547	0.286051989227021	-0.989981442369196	0.102785919640967	-0.096808049707490	-0.121908230457332	-0.276289562552887	0.953311313774832
0.805771368195568	-0.586630505181814	0.081222857536364	0.588714965598701	0.808337862060098	-0.002142437917692	-0.064398691573380	0.049543426912561	0.996693662753705
-0.191853025888050	0.904880426561156	-0.379978723199208	-0.979472672718707	-0.152137706135980	0.132239940142741	0.061852242116779	0.397549408247809	0.915493729168553
-0.015749582141478	0.979360302057268	0.201507690713444	-0.993732207911290	0.006975113250486	-0.111569022380298	-0.110671810422173	-0.202001847886199	0.973112020184953
-0.042255711826819	0.900533984923623	-0.432727393188354	-0.990994085671465	-0.092859742387879	-0.096476890537759	-0.127063672944657	0.424753587673178	0.896347707520121
0.192400287416572	0.917869845385523	-0.347126887944419	-0.980585895987976	0.166179061952686	-0.104095244646348	-0.037860665491753	0.360415685425152	0.932023124020021
0.008555481873833	0.972678959981608	0.231996647689151	-0.990869536444518	0.039464365043889	-0.128919066231138	-0.134552463656867	-0.228775446018099	0.964135586846107
0.368911876080695	0.842294918510992	-0.392992745400197	-0.915669795304980	0.401926963984263	0.001881910871805	0.159539504990954	0.359157327466606	0.919539645950237
0.910252020120475	-0.407970185139443	0.070721905403377	0.410003160823975	0.911935679591015	-0.016453704847966	-0.057781207852945	0.043973222831206	0.997360359996773
0.578260903008934	0.813487338537040	-0.062069945152344	-0.814830442166294	0.579668921250359	0.005940728535139	0.040812725593550	0.047141189806462	0.998054121605265
0.065270164094303	0.967594063194417	0.243929363853599	-0.995963850631601	0.078262063061484	-0.043943801843202	-0.061610177034132	-0.240076609348514	0.968796886725770
0.193587722654518	0.899549791751453	-0.391578811731885	-0.968054824404133	0.239971624012462	0.072687527243025	0.159353853374562	0.364998344967123	0.917269075891006
-0.172429839311484	0.915417479164745	-0.363701511345059	-0.984201182209772	-0.145043412856462	0.101540343331299	0.040199296659319	0.375464042521536	0.925964777581460
0.124905963188348	0.940747648487877	0.315265542399610	-0.984421196820529	0.157139289251062	-0.078880612472951	-0.123747353953238	-0.300501423687476	0.945719560309171
0.085381437827137	0.924868356896180	-0.370578645481268	-0.996344682371958	0.078248221505756	-0.034270829291229	-0.002698885639127	0.372150155506277	0.928168614947177
-0.157462807929076	0.905041267364090	-0.395102225363377	-0.984654667974384	-0.113408975208666	0.132640827720488	0.075237284343249	0.409925247710021	0.909010804300219
-0.163401515382084	0.917592834533095	-0.362385616138885	-0.985808568801697	-0.137532482805828	0.096261528402654	0.038489095182779	0.372972125214184	0.927043895058495
-0.201441276781500	0.907089561179999	-0.369607819190715	-0.976575383816165	-0.156851407367100	0.147302938637592	0.075643451355349	0.390622789920452	0.917437684129998
0.088317720178391	0.965435309108556	0.245223661641692	-0.994440824494827	0.099628310124911	-0.034082934141632	-0.057336087070357	-0.240850293228225	0.968867230001788
0.053022336800459	0.960404313845242	0.273518163469390	-0.989006009820900	0.088368615551722	-0.118566860140656	-0.138042545392212	-0.264224415474651	0.954531148747236
-0.180732031844878	0.906819723280498	-0.380806935512869	-0.983334746159121	-0.158840575702341	0.088444606996279	0.019715721173710	0.390445464796339	0.920414922390207
-0.027176916737142	0.896571356972344	-0.442064720435178	-0.999531141882906	-0.030611935497161	-0.000637033258005	-0.014103602480099	0.441840142202909	0.896982930236243
-0.164259203047033	0.915952072237989	-0.366129370000944	-0.985483402771390	-0.136234152906492	0.101305076101714	0.042911269807326	0.377454708468162	0.925033278308806
0.020407447137673	0.969145733931304	0.245642183885581	-0.991354139871809	0.051467573641660	-0.120698211347418	-0.129616763809118	-0.241055253554439	0.961816957260297
0.091134547752000	0.956064075145658	0.278632335564120	-0.991737096242675	0.112502219834688	-0.061650486359915	-0.090288571492659	-0.270711534198573	0.958417048632624
0.067593255849564	0.970124318959718	0.233002054769049	-0.984330115700082	0.102964899552990	-0.143151852191667	-0.162866126280198	-0.219674839758644	0.961882315924093
0.143796001829308	0.952336274465787	0.269032210329044	-0.984177854758332	0.166059658656846	-0.061791099440457	-0.103521302451207	-0.255890230574356	0.961146986592274
0.708838152005652	0.619667106354422	-0.336988355234347	-0.690230586066555	0.707800071914159	-0.150335612070233	0.145362348355523	0.339163287371510	0.929428884950278
0.072293338681872	0.967551603921894	0.242110650179621	-0.996081614853053	0.082437908233066	-0.032021989911470	-0.050942023261369	-0.238846990842103	0.969720075708300
0.929224039363213	-0.362093461417756	0.073695385663025	0.364379196120712	0.931037826501116	-0.019908969297814	-0.061404284084559	0.045352958256171	0.997082054333282
0.028427516470489	0.969345479770051	0.244051669030740	-0.992631310222152	0.056145742374196	-0.107381272016605	-0.117792012776647	-0.239200745113012	0.963798757658157
-0.556024421494714	0.813670526811271	0.169638192928769	-0.730720352811350	-0.575800819058917	0.366744028933447	0.396086617659225	0.079960556337171	0.914724931737145
0.657967454380277	0.746501512796221	-0.099067251749970	-0.752503105154773	0.656774587249289	-0.048848933212013	0.028599050836758	0.106689422795703	0.993881009655963
0.886732049304048	-0.457620965789787	0.065492934020897	0.458989165849440	0.888416168230570	-0.006757045163872	-0.055092815955247	0.036052235660684	0.997830154853013
0.072293338681872	0.967551603921894	0.242110650179621	-0.996081614853053	0.082437908233066	-0.032021989911470	-0.050942023261369	-0.238846990842103	0.969720075708300
-0.131970477730325	0.925685319313388	-0.354528535685494	-0.988342703105592	-0.095489456969612	0.118576830897024	0.075911094219242	0.366044332308696	0.927496119969846
-0.005776846624201	0.974836457437389	0.222846380482164	-0.991147045185118	0.023978185019569	-0.130585533134327	-0.132642990255383	-0.221627904141352	0.966067756030612
-0.658916012188464	0.745368826792917	0.101266978462888	-0.713746182326206	-0.662027464480884	0.228661372968369	0.237478580289717	0.078389720744260	0.968224651403391
0.834980173763307	0.421096622430710	-0.354239670279383	-0.435073083222848	0.899340666317682	0.043563495753138	0.336926582028137	0.117745490294604	0.934139431690002
-0.196116100824109	0.907815984825820	-0.370686677252198	-0.979341053082716	-0.162331359599318	0.120580394084085	0.049290736902426	0.386676437587505	0.920897255870736
-0.155458165822118	0.918139797463164	-0.364488780339702	-0.981837998404593	-0.102990288837790	0.159333440601684	0.108751568117820	0.382638618959730	0.917475222397044
0.070157393793915	0.919587725667902	-0.386569987061828	-0.983164216560506	0.129287723347015	0.129123227448483	0.168718888601759	0.371002829359403	0.913176235584515
-0.016201224942427	0.925067606374611	-0.379456774806713	-0.984738980459611	0.051007919420360	0.166395109663033	0.173282026401273	0.376361682152625	0.910123740781173
0.059917681664025	0.958675658708720	0.278120212899766	-0.990604876715516	0.091419550769437	-0.101707639656773	-0.122930263366863	-0.269413153235912	0.955146430246188
-0.159806493531716	0.917770137175624	-0.363537975916869	-0.979439394512966	-0.101480220493704	0.174356638315332	0.123127401910264	0.383926738007638	0.915117425657299
0.182984563274119	0.900126722801779	-0.395333444703974	-0.968929508186981	0.233186980327302	0.082458719189482	0.166409908863371	0.367961567427856	0.914828960586688
0.389100458541739	0.833179264272685	-0.392954382528858	-0.907390225500072	0.420222315549151	-0.007495610811638	0.158883013030148	0.359479511377961	0.919527416160021
0.088788616440926	0.952587740039182	0.291020925566446	-0.990917665633445	0.114100160844985	-0.071157102461477	-0.100988917837903	-0.282059835535287	0.954066815087778
-0.171517266179308	0.903753323567682	-0.392188420969750	-0.985098858568778	-0.152183685572610	0.080127178235769	0.012730524296597	0.400087560398853	0.916388497180769
0.160235709906182	0.982158435710201	0.098434366123588	-0.979680174066588	0.170428832205551	-0.105739158753568	-0.120628660822054	-0.079491007770331	0.989509932174476
-0.011337307093386	0.932111398969656	-0.361994206277809	-0.994720062738279	0.026414013185051	0.099168022534557	0.101997363955274	0.361207197904874	0.926890445483114
-0.026903886558405	0.980792666411633	0.193188836119512	-0.989372302846900	0.001499865061272	-0.145396687597138	-0.142893762101339	-0.195047419664955	0.970328746783568
-0.028558738983291	0.914389550337815	-0.403826879566842	-0.979875568667992	0.054234262606903	0.192100272480454	0.197555734807328	0.401186234799369	0.894439118471594
-0.080143266044398	0.924212377577520	-0.373374527840672	-0.982300826051344	-0.009608218250055	0.187063543430851	0.169298978279798	0.381757990452809	0.908624615932702
-0.169134706530742	0.902955986673970	-0.395049284490426	-0.985441067119194	-0.147893370596629	0.083865691248280	0.017301857754109	0.403482387550195	0.914823812903365
-0.087665224606202	0.915796985733960	-0.391957509578957	-0.978955738111541	-0.006411948939793	0.203971933680302	0.184283670500759	0.401590298477674	0.897086819073483
0.133520111225334	0.949392399991382	0.284299930947895	-0.985909955957094	0.156413341629024	-0.059299454509490	-0.100766753659405	-0.272376462637735	0.956899746032937
0.016378729603676	0.908397003021521	-0.417787771623449	-0.999856665512293	0.016672139602814	-0.002947573867279	0.004287848785634	0.417776165742593	0.908539866868928
0.537199732240501	-0.835982005654076	0.112029165413844	0.841282161240354	0.540596263700974	-0.000069651319451	-0.060504320998532	0.094285555071471	0.993704916585085
0.018949360336115	0.972967371981770	0.230163886832276	-0.992276008571657	0.046528078449416	-0.114993307322235	-0.122593819403562	-0.226207053326579	0.966333857664810
-0.152073505499273	0.912997579021438	-0.378561843859304	-0.975902303084573	-0.078062038208162	0.203767055789235	0.156487519500401	0.400426945761372	0.902867607874394
-0.041903713428655	0.980113336744778	0.193963723247173	-0.990050804624524	-0.014633088188897	-0.139947407951661	-0.134326032708562	-0.197898256346722	0.970975178401439
0.067449878953751	0.924484121362720	-0.375206107595977	-0.996570950108562	0.044362398309764	-0.069844964141472	-0.047925517512511	0.378630541510329	0.924306257582817
0.027138876752071	0.971748661335170	0.234452597686486	-0.992298090983742	0.054545981329921	-0.111217060520307	-0.120863476694399	-0.229628559012291	0.965744658223529
0.899217040638375	0.424489318340658	-0.105912853045541	-0.423793654995806	0.905257903598571	0.030117535716184	0.108663019518414	0.017802993765176	0.993919212814672
0.910252020120475	-0.407970185139443	0.070721905403377	0.410003160823975	0.911935679591015	-0.016453704847966	-0.057781207852945	0.043973222831206	0.997360359996773
0.030483478502860	0.966717882677416	0.254022229047105	-0.991482080014051	0.061440720326536	-0.114840423618026	-0.126625599897402	-0.248357752440810	0.960356383981058
0.136645263945359	0.944335121423094	0.299264515584681	-0.984623451400592	0.162661965962782	-0.063700422142314	-0.108833500326368	-0.285958499219647	0.952041493807259
0.011846902125048	0.981336054895325	0.191935401300850	-0.989870989779805	0.038667453671869	-0.136602531524431	-0.141474642612692	-0.188372968838453	0.971854181504920
0.896514769438892	0.426967762119268	-0.118151590293123	-0.426269786454167	0.904015584697266	0.032402033590167	0.120645502751856	0.021315551490030	0.992466780265429
0.191437811718124	0.919380603068706	0.343643523066563	-0.961911417144524	0.245349289536149	-0.120541078853311	-0.195135824008790	-0.307478507907675	0.931331829888403
0.063933454112174	0.923358710678375	-0.378577871592695	-0.985964239326239	0.117071696620491	0.119032502369022	0.154230451646612	0.365654084162571	0.917883466742981
-0.044934470822388	0.978149139917979	0.202990525418382	-0.990556088445678	-0.017277870845951	-0.136015112477360	-0.129535821204446	-0.207185267952984	0.969687957937057
0.094228558048576	0.916129462389398	-0.389650852674800	-0.981091476193370	0.151915594557568	0.119921505456421	0.169057665276674	0.370983099712552	0.913121594060105
-0.031844807893104	0.926632255027932	-0.374617901537155	-0.984518877010911	0.035554158581473	0.171634736043548	0.172361506779868	0.374284070926634	0.911154731772359
0.216321576439296	0.891654809056642	-0.397689171405233	-0.961734566090708	0.264760969675667	0.070485837745733	0.168141606847131	0.367223815162584	0.914808761230620
0.567949451063560	-0.816164762280844	0.106341439935963	0.821130837501881	0.570715446861570	-0.005293998210989	-0.056369927621569	0.090326959013636	0.994315579549716
-0.037992873108735	0.979328849949135	0.198674470554848	-0.992464318491493	-0.013802445324850	-0.121754133499733	-0.116495142019570	-0.201803112365395	0.972473334197643
0.548867817560445	0.832475119595288	-0.075692100652870	-0.835907502151676	0.546431723262577	-0.051681908428737	-0.001663337903013	0.091638131075994	0.995790985217239
-0.140658855201304	0.899993307530177	-0.412585909665309	-0.966690420831195	-0.214850746426402	-0.139099917445067	-0.213833385435168	0.379277211496960	0.900235569233090
-0.016824284485938	0.929943801448872	-0.367316579531006	-0.992133268061511	0.030051745721367	0.121525598063469	0.124050481083799	0.366471579697416	0.922122583725699
-0.161774518456712	0.907596130169706	-0.387425179459302	-0.986797002241067	-0.151880219609334	0.056250113417341	-0.007789836079279	0.391409840694372	0.920183489887460
0.130137787714093	0.951159279729615	0.279928885242524	-0.987157184050917	0.150680623058868	-0.053066409443787	-0.092654466624907	-0.269427864963578	0.958552959098047
-0.101188639771921	0.917205185600412	-0.385351147252504	-0.979365351382886	-0.023724819069621	0.200700377355873	0.174941040615930	0.397708159921099	0.900679661056243
0.722462009151570	0.607135013590248	-0.330810702072116	-0.676426125252408	0.719723387933714	-0.156351980918792	0.143165437200081	0.336727367664088	0.930654789627885
-0.087867749520734	0.926359887362684	-0.366246662345962	-0.984735436519040	-0.025321218690190	0.172206143757124	0.150251052102197	0.375787433224475	0.914444326557251
-0.181629867981768	0.913480595578171	-0.364093109738533	-0.982219084646724	-0.150640303427499	0.112040924393828	0.047500113817529	0.377969179279767	0.924598852855605
0.910277610053653	-0.407981654413386	0.070325260732729	0.410056718318082	0.911892272506683	-0.017492029750781	-0.056992634587422	0.044759948667454	0.997370736786513
-0.049128083521391	0.898708388875125	-0.435786258588993	-0.991760568066727	-0.095576866427199	-0.085299696552331	-0.118310637888051	0.428005016757321	0.895999050553675
0.084458906481223	0.965055703742172	0.248060842921039	-0.994907102035310	0.095419944095624	-0.032479110032298	-0.055014102152977	-0.244054344242196	0.968199837647587
0.916836461433357	0.390529029926880	-0.083054077387750	-0.389686525598398	0.920557602195034	0.026797626909470	0.086921313573886	0.007796013423523	0.996184675359589
0.593583679862679	0.803384952203252	0.047233818118592	-0.804760818750537	0.592865155004631	0.029511566974689	-0.004294136076936	-0.055529510665182	0.998447812276955
0.035236232600179	0.969074057437458	0.244241436111582	-0.991485308391923	0.064554185593964	-0.113091292172621	-0.125360644363050	-0.238176884529129	0.963097336991895
0.113561512703378	0.951345489737466	0.286435929989066	-0.988994767721485	0.135761406056361	-0.058806377588877	-0.094832126687354	-0.276605494851025	0.956292982284286
0.544990158559109	-0.830868329368064	0.112443525055201	0.836259910384655	0.548331359599259	-0.001443039665687	-0.060457335015410	0.094818454602207	0.993657069269717
-0.129939417184735	0.883347632962963	-0.450347318411492	-0.991079019708467	-0.129285823016193	0.032365918196933	-0.029633166476032	0.450535387406756	0.892266630631701
-0.078808502190922	0.887243234705368	-0.454520255271400	-0.996777024204388	-0.063275411646823	0.049313145297886	0.014992798293475	0.456941642609294	0.889370311652492
0.035939933114680	0.968272512771145	0.247298730727770	-0.993336351225971	0.061727789351035	-0.097327146032900	-0.109504404207262	-0.242152887725272	0.964038777449084
0.714745656009701	0.699048933041388	-0.021661865777447	-0.698460503298073	0.715050487708282	0.029252783811974	0.035938455001086	-0.005778342482508	0.999337299519181
0.891474446884733	-0.447372833701900	0.071630009193719	0.449410525335155	0.893207026517863	-0.014539171128307	-0.057475997334021	0.045152579601281	0.997325300133216
0.320153560983274	0.940175117712832	0.116500838723984	-0.945729624723056	0.324398875975565	-0.018995951857647	-0.055652262406102	-0.104096672854862	0.993008916571060
-0.141205690985097	0.882091932119892	-0.449416039013314	-0.987547593902115	-0.157313199048280	0.001518941519441	-0.069359228741130	0.444034211175436	0.893321284138156
-0.147705422444841	0.910154646896662	-0.387042151338591	-0.988764457517313	-0.144980532256380	0.036407318181258	-0.022977287283006	0.388071081116682	0.921342976458845
-0.196002993783698	0.911537306959425	-0.361500434922265	-0.978869792388140	-0.159965392987752	0.127377402219840	0.058281695049377	0.378828207856058	0.923630030344801
0.140691692315168	0.938382496373314	0.315664597656566	-0.979694268239336	0.177955723011761	-0.092362879049718	-0.142846030720092	-0.296260107249608	0.944364844940749
-0.077448001921023	0.982903736654186	0.167039071685876	-0.988405557633389	-0.053748470439722	-0.142005477235281	-0.130599619593132	-0.176100387269956	0.975670227569490
-0.002400089960193	0.976152703070741	0.217071738961730	-0.984341902759799	0.035953667652558	-0.172564052611044	-0.176253391568505	-0.214086977815130	0.960781717088009
-0.058610321246356	0.976147604274938	0.209047087785737	-0.989975689569704	-0.029878315855976	-0.138041371706454	-0.128502779364447	-0.215042184024226	0.968113575354516
0.538261724344877	-0.836807572442039	0.100136920308848	0.841043250940296	0.540967860813427	-0.000153670826414	-0.054042262656716	0.084302196119709	0.994973654714705
-0.145570656594377	0.918302604650360	-0.368143328380466	-0.977593537552093	-0.076322775587638	0.196177749153629	0.152052817386154	0.388452262471162	0.908837048378843
-0.981036065407187	-0.190081048521877	0.037913498430109	0.187809359752231	-0.980579538897389	-0.056492586108639	0.047915370809826	-0.048300754534569	0.997682892682614
0.045719086956640	0.973181363530406	0.225450213495023	-0.984438559323426	0.082226312269591	-0.155304721395590	-0.169677600186557	-0.214841493309938	0.961796571395057
0.558940112768458	-0.821917829798798	0.109713405731557	0.827051351628883	0.562121592164972	-0.002318920170041	-0.059766312478027	0.092034758003436	0.993960558177249
0.929224039363213	-0.362093461417756	0.073695385663025	0.364379196120712	0.931037826501116	-0.019908969297814	-0.061404284084559	0.045352958256171	0.997082054333282
-0.042662703901663	0.979606951043858	0.196341832430979	-0.990622268741828	-0.015945085845139	-0.135695522808176	-0.129797589995316	-0.200289729402051	0.971100720794430
0.560617287254288	-0.822034211395498	0.099839934530350	0.825839026491866	0.563879186786999	0.005492270149950	-0.060812495053326	0.079372652745224	0.994988352917548
0.009952216967124	0.975317763932275	0.220581533079238	-0.986369360816049	0.045808229923006	-0.158041418984582	-0.164245052956789	-0.216002003299665	0.962479452845490
0.202542738026003	0.935187800607304	0.290517154172010	-0.974605133730644	0.221435325549951	-0.033335115185947	-0.095505353665661	-0.276387724390684	0.956288948606715
-0.184111211722695	0.905081709119647	-0.383314702998802	-0.982606870334618	-0.159871116522850	0.094472030109154	0.024223956927152	0.394041020604196	0.918773570577645
-0.170085556609275	0.908769864007495	-0.381061986696012	-0.985418875499372	-0.155073839553775	0.070012456717379	0.004532465384943	0.387413782095899	0.921894797794025
-0.070393017640467	0.982631571771690	0.171697458411497	-0.987785695818693	-0.044678976399582	-0.149275611550802	-0.139011662113110	-0.180108254184489	0.973774498829768
0.073765274610166	0.961991063464789	0.262929416527651	-0.993887439084786	0.092627959172193	-0.060065128061798	-0.082136731680610	-0.256891523786750	0.962943561334385
0.531009565539379	0.843965451889523	-0.075836385215760	-0.847312284463866	0.527839221334593	-0.058716684319847	-0.009525434494337	0.095436221833242	0.995389970644616
0.244510714634906	0.907530559245320	-0.341471513401344	-0.969417274814025	0.221134676187736	-0.106440604467912	-0.021086908755832	0.357054252212772	0.933845599259268
0.204368729690846	0.898700504639753	-0.388034567126181	-0.967266064534099	0.246314693066577	0.061036320172783	0.150431987041541	0.362858753428618	0.919621521243910
0.925207627673545	0.300623019742485	-0.231552684492319	-0.302963954890017	0.952640100880548	0.026261763682165	0.228481263415821	0.045854532984294	0.972467826754542
0.035236232600179	0.969074057437458	0.244241436111582	-0.991485308391923	0.064554185593964	-0.113091292172621	-0.125360644363050	-0.238176884529129	0.963097336991895
-0.173800878743582	0.905780734504264	-0.386464119355051	-0.984756212188819	-0.157080393681001	0.074705772712362	0.006961113667239	0.393556871267594	0.919273915639171
0.540692806956030	-0.835089633969977	0.101373525843284	0.839260933485901	0.543722135195021	0.002706514980830	-0.057379212528434	0.083615446747938	0.994844753232764
0.610160269757496	0.701600988099545	-0.368049587293889	-0.777518664750302	0.619510681891726	-0.108033517886612	0.152214227897289	0.352083184091191	0.923508668235356
-0.153368000560554	0.918069641112301	-0.365549436426852	-0.978443575550282	-0.089313236037725	0.186202350503018	0.138298322001523	0.386226979814203	0.911977134688783
0.143667813257679	0.939125911390774	0.312093066228977	-0.982066916953802	0.174199237801918	-0.072105451763961	-0.122082472364425	-0.296137042775265	0.947311311997123
-0.637672894396115	-0.767156135328944	0.069604193692906	0.770140898666506	-0.636805035482147	0.036909930719632	0.016008621228185	0.077141498635561	0.996891625621678
-0.062106212121586	0.890155223268057	-0.451405025342546	-0.997508198144362	-0.070526784935570	-0.001835004479841	-0.033469583963620	0.450166248285284	0.892317284296373
-0.053221321828859	0.925191124647533	-0.375751079540993	-0.982046402786576	0.019701914527165	0.187607828562430	0.180976113552962	0.378989732627940	0.907532053916482
-0.152639419079879	0.889620494508780	-0.430437665049087	-0.988149370391179	-0.144516643051906	0.051727765044755	-0.016187326477046	0.433232403717637	0.901136867978757
-0.002962214222381	0.974607491830415	0.223900563096497	-0.990605363587467	0.027751956772908	-0.133906095929266	-0.136719563042909	-0.222193757255469	0.965369201558685
-0.017197745613004	0.976855350551841	0.213208493367574	-0.991290081241238	0.011188301186451	-0.131220412852962	-0.130568803236344	-0.213608159991143	0.968154606251826
0.076006970464909	-0.996974317306260	0.016283460088787	0.996418302159578	0.076551307728200	0.035923034483824	-0.037060862944216	0.013494736633931	0.999221889532556
-0.045228550665189	0.901528758153941	-0.430349016992184	-0.983484606713246	0.035389440566520	0.177498213665604	0.175249555100200	0.431269620675745	0.885039043048035
0.914319609115866	-0.398837998464467	0.070341334697805	0.400885347367491	0.915965223712071	-0.017281412446383	-0.057537732421926	0.043999544667569	0.997373274865930
-0.926805532928732	0.258809416810910	-0.272119807993989	-0.240375477703533	-0.965552874074041	-0.099635721938250	-0.288532725789445	-0.026932009530570	0.957091183227156
